version https://git-lfs.github.com/spec/v1
oid sha256:d8ba8e5d6a25f88378f15d97ebf38e1802e1b108503c0ac5d7ac7bb4edb5c405
size 1129633
