version https://git-lfs.github.com/spec/v1
oid sha256:bd7d1e352fbb2304fdd27aa880d5c5ea538b94a12d388e5ad22cc930729a7de3
size 222471
