version https://git-lfs.github.com/spec/v1
oid sha256:9609de9c924ddbe4e0dd367138e01198d943665ad92d982674785d6997a0da3f
size 284289
